G1 5 100 -1 -1 -1
G1 10 100 -1 -1 -1
G1 20 100 -1 -1 -1
G1 50 100 -1 -1 -1
G1 100 100 -1 -1 -1
G1 200 100 -1 -1 -1
G1 500 100 -1 -1 -1
G1 1000 100 -1 -1 -1
G1 2000 100 -1 -1 -1
G3 5 100 -1 -1 -1
G3 10 100 -1 -1 -1
G3 20 100 -1 -1 -1
G3 50 100 -1 -1 -1
G3 100 100 -1 -1 -1
G3 200 100 -1 -1 -1
G3 500 100 -1 -1 -1
G3 1000 100 -1 -1 -1
G3 2000 100 -1 -1 -1
G2 5 100 -1 -1 -1
G2 10 100 -1 -1 -1
G2 20 100 -1 -1 -1
G2 50 100 -1 -1 -1
G2 100 100 -1 -1 -1
G2 200 100 -1 -1 -1
G2 500 100 -1 -1 -1
G2 1000 100 -1 -1 -1
G2 2000 100 -1 -1 -1
D2_random -1 100 1 -1 1
D2_random -1 100 2 -1 1
D2_random -1 100 3 -1 1
D2_random -1 100 4 -1 1
D2_random -1 100 5 -1 1
D2_random -1 100 6 -1 1
D2_random -1 100 8 -1 1
D2_random -1 100 10 -1 1
D2_random -1 100 14 -1 1
D2_random_XZ -1 100 1 -1 1
D2_random_XZ -1 100 2 -1 1
D2_random_XZ -1 100 3 -1 1
D2_random_XZ -1 100 4 -1 1
D2_random_XZ -1 100 5 -1 1
D2_random_XZ -1 100 6 -1 1
D2_random_XZ -1 100 8 -1 1
D2_random_XZ -1 100 10 -1 1
D2_random_XZ -1 100 14 -1 1
D2_random_XZY -1 100 1 -1 1
D2_random_XZY -1 100 2 -1 1
D2_random_XZY -1 100 3 -1 1
D2_random_XZY -1 100 4 -1 1
D2_random_XZY -1 100 5 -1 1
D2_random_XZY -1 100 6 -1 1
D2_random_XZY -1 100 8 -1 1
D2_random_XZY -1 100 10 -1 1
D2_random_XZY -1 100 14 -1 1